
(8*8)
10000 20000 40000 80000 160000 320000 640000 1280000 2560000 5120000 10240000 20480000 40960000 81920000 163840000 327680000 655360000 1310720000 2621440000 
237.606 576.079 1199.88 1895.36 4044.97 8455.48 13075.1 27146 46933.6 75044.4 126984 215165 290582 409874 407637 591910 525760 603322 620562 
11754.4 104297 202244 314787 401397 597073 767086 858627 911662 844524 787853 806201 817984 824820 826178 824577 817779 820291 832356


(8*3)
10000 20000 40000 80000 160000 320000 640000 1280000 2560000 5120000 10240000 20480000 40960000 81920000 163840000 327680000 655360000 1310720000 2621440000 
43.7787 90.6567 177.826 360.854 713.295 1324.24 2799.1 5260.67 10748.6 19978.9 37947.5 71539.9 109576 170759 214375 297095 318951 330603 340820 
37001.5 120985 225773 334802 420317 623262 811071 852045 910915 901150 849654 868894 885798 894344 900075 901712 905329 896245 887064 