range - 2^(8*3)
sizes = [10000, 20000, 40000, 80000, 160000, 320000, 640000, 1280000, 2560000, 5120000, 10240000, 20480000, 40960000, 81920000, 163840000, 327680000, 655360000]
GPU1 = [11.858714, 25.344969, 49.640888, 94.111173, 149.016963, 213.233692, 274.793620, 321.010472, 381.809340, 455.712360, 455.399067, 440.582470, 445.283224, 453.716600, 453.213031, 452.223315, 430.426348]
GPU2 = [12.579441, 25.917393, 50.929113, 96.589021, 152.476583, 218.024796, 280.703610, 328.078838, 390.502698, 463.992281, 459.785413, 445.846774, 460.294488, 459.600202, 459.506144, 458.396304, 436.701908]
CPU1 = [0.072810, 0.111716, 0.269230, 0.590638, 1.146988, 2.308032, 4.642645, 8.599679, 16.795723, 32.294207, 53.659840, 82.975852, 123.968190, 175.006092, 204.581247, 251.888911, 295.908125]
CPU2 = [46.264638, 97.672219, 128.094804, 177.175308, 195.859554, 192.360261, 197.270481, 192.753639, 187.967980, 210.404105, 262.237466, 315.236465, 301.597896, 334.704958, 346.615659, 340.448629, 347.626186]
ratio1 = [0.006140, 0.004408, 0.005424, 0.006276, 0.007697, 0.010824, 0.016895, 0.026789, 0.043990, 0.070865, 0.117830, 0.188332, 0.278403, 0.385717, 0.451402, 0.557001, 0.687477]
ratio2 = [0.942706, 0.977914, 0.974706, 0.974346, 0.977310, 0.978025, 0.978946, 0.978455, 0.977738, 0.982155, 0.990460, 0.988193, 0.967388, 0.987198, 0.986305, 0.986534, 0.985630]
Python file written to ../../python/dataPartition1.py

range - 2^(8*4)
sizes = [10000, 20000, 40000, 80000, 160000, 320000, 640000, 1280000, 2560000, 5120000, 10240000, 20480000, 40960000, 81920000, 163840000, 327680000, 655360000]
GPU1 = [12.020425, 24.776559, 48.490437, 90.001923, 146.917419, 208.804062, 268.130312, 313.241312, 357.029186, 421.813913, 427.414385, 430.796269, 444.182760, 444.807841, 425.323193, 427.687935, 427.990899]
GPU2 = [12.307963, 25.348515, 49.832275, 92.331763, 150.406877, 213.349752, 274.195887, 320.212328, 365.140110, 429.632637, 433.502533, 436.490319, 440.668532, 449.431058, 430.307382, 433.162187, 433.245703]
CPU1 = [0.102795, 0.132404, 0.244039, 0.482270, 0.936794, 1.843546, 3.503110, 6.770161, 13.779175, 30.312557, 59.311467, 100.519582, 150.665332, 208.037986, 250.363111, 262.577172, 261.280452]
CPU2 = [56.978126, 62.505624, 109.291075, 124.381937, 133.897682, 166.727358, 173.957069, 185.513378, 194.840007, 209.145616, 246.725254, 332.641240, 320.671895, 350.500197, 351.856513, 338.762074, 354.089016]
ratio1 = [0.008552, 0.005344, 0.005033, 0.005358, 0.006376, 0.008829, 0.013065, 0.021613, 0.038594, 0.071862, 0.138768, 0.233334, 0.339197, 0.467703, 0.588642, 0.613946, 0.610481]
ratio2 = [0.976638, 0.977436, 0.973073, 0.974767, 0.976800, 0.978694, 0.977879, 0.978230, 0.977787, 0.981801, 0.985956, 0.986955, 1.007975, 0.989713, 0.988417, 0.987362, 0.987871]
Python file written to ../../python/dataPartition1.py

range - 2^(8*5)
sizes = [10000, 20000, 40000, 80000, 160000, 320000, 640000, 1280000, 2560000, 5120000, 10240000, 20480000, 40960000, 81920000, 163840000, 327680000, 655360000]
GPU1 = [11.425690, 23.605131, 46.224641, 88.025624, 144.375442, 203.522298, 252.731993, 294.818851, 345.166401, 431.595097, 443.007790, 430.308181, 411.638770, 411.435252, 411.845942, 412.269595, 412.395315]
GPU2 = [11.690282, 24.099647, 47.504486, 90.306726, 147.284704, 207.935725, 258.079592, 301.654200, 354.941282, 410.983728, 416.217776, 418.510245, 416.395970, 416.794614, 417.575807, 417.978986, 418.152649]
CPU1 = [0.124978, 0.228557, 0.413043, 0.610299, 1.184505, 2.404925, 4.465211, 8.517117, 15.957625, 32.740145, 70.650083, 113.987785, 180.220125, 238.360358, 272.951442, 289.678212, 293.118511]
CPU2 = [43.008002, 105.444709, 140.722294, 138.422478, 134.869567, 167.888160, 183.240065, 194.479889, 206.415830, 215.046433, 245.459637, 335.492519, 320.010640, 348.215576, 345.967838, 339.863718, 355.671469]
ratio1 = [0.010938, 0.009683, 0.008936, 0.006933, 0.008204, 0.011817, 0.017668, 0.028889, 0.046232, 0.075858, 0.159478, 0.264898, 0.437811, 0.579339, 0.662751, 0.702643, 0.710771]
ratio2 = [0.977367, 0.979480, 0.973058, 0.974740, 0.980247, 0.978775, 0.979279, 0.977340, 0.972461, 1.050151, 1.064365, 1.028190, 0.988575, 0.987141, 0.986278, 0.986340, 0.986232]
Python file written to ../../python/dataPartition1.py


range - 2^(8*6)
sizes = [10000, 20000, 40000, 80000, 160000, 320000, 640000, 1280000, 2560000, 5120000, 10240000, 20480000, 40960000, 81920000, 163840000, 327680000, 655360000]
GPU1 = [11.288023, 23.089256, 45.245771, 86.325445, 141.670462, 192.918087, 246.759470, 287.055496, 337.443490, 414.253390, 422.137811, 395.677653, 392.222243, 393.161569, 394.011462, 394.117823, 394.268103]
GPU2 = [11.555820, 23.638659, 46.439669, 88.531790, 145.156632, 197.310311, 252.156709, 293.290676, 344.917244, 394.256707, 396.544574, 385.813519, 396.505949, 397.845416, 398.877261, 399.008035, 398.253042]
CPU1 = [0.154063, 0.278832, 0.410811, 0.787655, 1.511335, 2.925255, 5.630637, 10.703795, 20.886292, 40.875167, 87.909471, 145.899952, 213.517252, 272.966399, 316.972803, 323.298711, 315.540844]
CPU2 = [71.382079, 128.753878, 230.922353, 168.795361, 140.092050, 166.188682, 173.310842, 184.996998, 196.792774, 215.470199, 246.155924, 337.346760, 345.089072, 365.114012, 358.508973, 350.959993, 356.172635]
ratio1 = [0.013648, 0.012076, 0.009080, 0.009124, 0.010668, 0.015163, 0.022818, 0.037288, 0.061896, 0.098672, 0.208248, 0.368734, 0.544378, 0.694286, 0.804476, 0.820310, 0.800320]
ratio2 = [0.976826, 0.976758, 0.974291, 0.975079, 0.975983, 0.977740, 0.978596, 0.978741, 0.978332, 1.050720, 1.064541, 1.025567, 0.989196, 0.988227, 0.987801, 0.987744, 0.989994]
Python file written to ../../python/dataPartition1.py